257.633 -4.99794 182.736 
243.22 2.14543 176.56 
238.626 4.99013 175.281 
238.536 4.94605 175.404 
238.553 4.95937 175.46 
238.772 4.93872 175.682 
239.035 4.82667 175.79 
239.827 4.54452 176.308 
240.318 4.07528 176.093 
240.89 4.02965 175.815 
240.993 3.9342 175.751 
241.507 3.68568 174.715 
241.507 3.68568 174.715 
242.22 3.48397 173.432 
242.343 3.2201 173.154 
242.439 3.12719 172.948 
242.671 2.91349 172.745 
242.59 2.71255 172.732 
242.402 2.55039 172.951 
242.452 2.33408 173.408 
242.332 2.0474 173.66 
242.308 2.00482 173.676 
242.118 1.12577 173.928 
242.069 0.767737 174.079 
241.964 0.315938 174.203 
241.943 0.116557 174.249 
241.823 -0.379921 174.262 
241.343 -1.86146 172.201 
241.219 -1.70124 165.404 
241.219 -1.70124 165.404 
241.219 -1.70124 165.404 
241.587 -0.196924 154.242 
242.918 -1.35182 142.832 
241.518 -1.91187 133.347 
240.768 -1.79831 130.562 
240.768 -1.79831 130.562 
240.768 -1.79831 130.562 
219.093 13.5538 109.718 
210.659 15.8202 103.929 
189.986 20.0561 91.5138 
183.996 20.6024 88.1899 
170.58 19.8106 81.2918 
153.138 14.9975 73.8029 
145.649 11.9637 71.3024 
140.553 10.0496 69.4687 
127.91 7.34251 63.5037 
127.113 7.36864 62.9063 
120.859 10.5835 59.5 
117.47 13.4081 57.544 
113.865 16.0735 55.7791 
111.221 18.1042 54.4977 
107.49 21.4824 51.7932 
107.284 21.5478 51.7283 
105.265 21.6822 50.3338 
104.094 21.8039 49.3062 
100.777 22.323 45.0199 
97.1863 23.1634 41.9506 
96.7517 23.3209 41.6665 
96.7517 23.3209 41.6665 
96.7517 23.3209 41.6665 
96.7517 23.3209 41.6665 
87.7291 24.8843 37.8536 
86.1221 26.3879 36.9361 
86.1221 26.3879 36.9361 
86.1221 26.3879 36.9361 
86.1221 26.3879 36.9361 
76.5308 25.1739 37.6195 
62.6081 29.1171 41.5159 
60.2786 27.9192 42.0914 
58.1111 30.6053 38.7918 
57.7071 32.2256 36.6972 
57.4798 32.5733 36.0935 
57.4798 32.5733 36.0935 
57.4798 32.5733 36.0935 
57.4798 32.5733 36.0935 
57.4798 32.5733 36.0935 
57.4798 32.5733 36.0935 
57.4798 32.5733 36.0935 
43.7099 33.3527 27.338 
40.7098 32.4507 27.3809 
37.0586 29.9304 28.9574 
33.1143 26.8717 29.6381 
30.8127 26.6862 28.3106 
28.9282 26.8371 27.4471 
26.0865 27.285 25.7043 
25.3188 27.9348 23.9542 
25.3188 27.9348 23.9542 
22.7504 29.6036 19.5616 
22.6893 29.6573 19.4405 
22.6893 29.6573 19.4405 
22.6893 29.6573 19.4405 
19.6052 32.0551 14.7082 
18.9129 32.3613 14.0458 
18.9129 32.3613 14.0458 
19.8228 33.4221 10.4026 
27.8646 38.5127 3.96207 
27.8646 38.5127 3.96207 
29.61 42.4683 2.21263 
29.61 42.4683 2.21263 
29.61 42.4683 2.21263 
29.61 42.4683 2.21263 
29.61 42.4683 2.21263 
29.61 42.4683 2.21263 
18.7179 38.2282 4.89238 
12.6079 33.7686 10.1069 
12.6079 33.7686 10.1069 
12.6079 33.7686 10.1069 
12.6079 33.7686 10.1069 
12.6079 33.7686 10.1069 
12.6079 33.7686 10.1069 
12.6079 33.7686 10.1069 
12.6079 33.7686 10.1069 
17.1722 35.0425 2.98733 
17.0957 34.8885 2.49005 
17.0957 34.8885 2.49005 
15.7639 33.9619 3.08788 
14.3315 32.2384 4.44369 
14.0101 32.0477 4.59329 
11.1915 32.3483 5.70962 
11.1915 32.3483 5.70962 
11.1915 32.3483 5.70962 
11.1915 32.3483 5.70962 
11.1915 32.3483 5.70962 
11.1915 32.3483 5.70962 
11.1915 32.3483 5.70962 
11.1915 32.3483 5.70962 
10.589 34.7197 7.84408 
9.99592 36.4787 6.33733 
9.99592 36.4787 6.33733 
10.5582 36.0275 6.16949 
10.4694 36.1334 6.30672 
10.4694 36.1334 6.30672 
10.4694 36.1334 6.30672 
10.4694 36.1334 6.30672 
10.4694 36.1334 6.30672 
10.4694 36.1334 6.30672 
10.4694 36.1334 6.30672 
10.4694 36.1334 6.30672 
10.4694 36.1334 6.30672 
10.4694 36.1334 6.30672 
10.4694 36.1334 6.30672 
10.4694 36.1334 6.30672 
10.4694 36.1334 6.30672 
10.4694 36.1334 6.30672 
10.4694 36.1334 6.30672 
10.4694 36.1334 6.30672 
10.4694 36.1334 6.30672 
6.29285 32.7392 8.71301 
7.04055 30.232 8.77181 
6.46459 29.912 8.59519 
5.86036 29.442 6.98349 
5.69836 28.9114 6.56928 
5.69836 28.9114 6.56928 
6.34004 28.46 6.18543 
7.26789 29.5365 5.7518 
8.46451 31.5731 3.27937 
8.46451 31.5731 3.27937 
8.46451 31.5731 3.27937 
9.56739 30.9928 -0.381609 
-0.331517 38.2256 -1.3942 
-7.38911 36.0802 1.63478 
-8.46968 32.3571 3.38555 
-8.8703 31.3532 3.53332 
-9.08252 30.6689 4.19636 
-9.08252 30.6689 4.19636 
-9.08252 30.6689 4.19636 
-9.08252 30.6689 4.19636 
-9.08252 30.6689 4.19636 
-1.37738 29.0066 11.516 
-0.352259 28.5828 11.6059 
0.866987 28.1606 11.726 
-3.74881 31.9321 10.4599 
-7.48665 34.3076 9.22544 
-7.48665 34.3076 9.22544 
-7.48665 34.3076 9.22544 
-7.48665 34.3076 9.22544 
-7.48665 34.3076 9.22544 
-7.48665 34.3076 9.22544 
-7.48665 34.3076 9.22544 
-7.48665 34.3076 9.22544 
-7.48665 34.3076 9.22544 
-7.48665 34.3076 9.22544 
-7.48665 34.3076 9.22544 
-7.48665 34.3076 9.22544 
-7.48665 34.3076 9.22544 
-7.48665 34.3076 9.22544 
-7.48665 34.3076 9.22544 
8.20523 30.1247 11.3421 
9.84162 29.7242 10.9388 
16.8847 28.8493 7.71154 
22.8744 29.5057 4.65856 
27.6033 30.9764 3.02591 
27.6033 30.9764 3.02591 
46.5746 38.8936 -5.04744 
50.9403 40.9987 -6.71322 
52.1611 41.6404 -7.03521 
52.1611 41.6404 -7.03521 
52.1611 41.6404 -7.03521 
62.5762 44.2208 -7.03707 
62.5762 44.2208 -7.03707 
62.5762 44.2208 -7.03707 
62.5762 44.2208 -7.03707 
62.5762 44.2208 -7.03707 
60.0873 45.753 -6.51583 
61.5975 43.7655 -5.85272 
64.7968 42.3156 -4.41799 
67.8602 41.2069 -3.61342 
70.9263 40.9995 -2.3658 
70.9263 40.9995 -2.3658 
70.9263 40.9995 -2.3658 
70.9263 40.9995 -2.3658 
70.9263 40.9995 -2.3658 
70.9263 40.9995 -2.3658 
80.2824 39.5296 2.41984 
80.2824 39.5296 2.41984 
80.2824 39.5296 2.41984 
84.9589 38.3296 2.46056 
84.9589 38.3296 2.46056 
84.9589 38.3296 2.46056 
84.9589 38.3296 2.46056 
84.9589 38.3296 2.46056 
156.505 14.6574 16.6166 
156.505 14.6574 16.6166 
156.505 14.6574 16.6166 
156.505 14.6574 16.6166 
156.505 14.6574 16.6166 
156.505 14.6574 16.6166 
176.039 13.1614 17.5988 
176.039 13.1614 17.5988 
176.039 13.1614 17.5988 
176.039 13.1614 17.5988 
176.039 13.1614 17.5988 
176.039 13.1614 17.5988 
176.039 13.1614 17.5988 
212.584 20.2096 34.0708 
212.879 21.3458 34.5844 
212.879 21.3458 34.5844 
212.879 21.3458 34.5844 
213.884 32.1852 39.4145 
213.881 32.8265 40.2618 
213.709 34.138 46.4778 
213.334 34.605 49.8304 
212.797 34.5991 50.2369 
210.496 35.8724 49.2723 
208.872 38.0684 49.6728 
208.327 38.6846 49.6858 
208.327 38.6846 49.6858 
208.327 38.6846 49.6858 
208.327 38.6846 49.6858 
208.327 38.6846 49.6858 
208.327 38.6846 49.6858 
208.327 38.6846 49.6858 
208.327 38.6846 49.6858 
208.327 38.6846 49.6858 
208.327 38.6846 49.6858 
200.087 50.4477 49.4144 
200.087 50.4477 49.4144 
200.087 50.4477 49.4144 
200.087 50.4477 49.4144 
200.087 50.4477 49.4144 
200.087 50.4477 49.4144 
200.087 50.4477 49.4144 
200.087 50.4477 49.4144 
200.087 50.4477 49.4144 
200.087 50.4477 49.4144 
200.087 50.4477 49.4144 
200.087 50.4477 49.4144 
200.087 50.4477 49.4144 
200.087 50.4477 49.4144 
201.255 46.8749 50.0899 
201.255 46.8749 50.0899 
203.139 45.5914 50.1853 
203.154 45.5844 50.1843 
203.154 45.5844 50.1843 
203.123 45.298 50.8887 
203.077 45.2303 51.0424 
203.077 45.2303 51.0424 
203.077 45.2303 51.0424 
203.077 45.2303 51.0424 
202.952 45.0765 51.4235 
202.952 45.0765 51.4235 
201.147 42.1758 58.9736 
201.147 42.1758 58.9736 
201.147 42.1758 58.9736 
277.424 4.65922 128.757 
285.271 9.36629 130.852 
